0 0.08399999999999999 0.7123809523809524 0.11873333333333333 0.2955952380952381
0 0.2513666666666667 0.7391071428571429 0.12203333333333333 0.3455952380952381
0 0.15863333333333335 0.3902380952380953 0.1105 0.3569047619047619
0 0.3366 0.3988690476190476 0.12733333333333335 0.3638095238095238
0 0.4399666666666667 0.7167857142857142 0.11956666666666665 0.3306547619047619
0 0.5109666666666667 0.40880952380952384 0.09346666666666667 0.3163690476190476
0 0.5945333333333334 0.7223809523809523 0.09826666666666667 0.3556547619047619
0 0.6694 0.40488095238095234 0.11466666666666667 0.34482142857142856
0 0.7469333333333333 0.7133333333333334 0.13926666666666668 0.3789285714285714
0 0.8350666666666667 0.38029761904761905 0.12136666666666665 0.3836309523809524
0 0.9108999999999999 0.7029761904761904 0.1165 0.3375